((("743" .
   [1 0 0])
  ("124" .
   [1 0 0])
  ("547" .
   [1 0 0])
  ("sin" .
   [2 0 0])
  ("cos" .
   [2 0 0])
  ("theta" .
   [6 0 0 0 0])
  ("50" .
   [1 0])
  ("structure" .
   [1 0 0 0 0 0 0 0 0])
  ("--" .
   [3 0])
  ("several" .
   [1 0 0 0 0 0 0])
  ("run" .
   [1 0 0])
  ("on" .
   [2 0])
  ("technical" .
   [1 0 0 0 0 0 0 0 0])
  ("working" .
   [2 0 0 0 0 0 0])
  ("include" .
   [2 0 0 0 0 0 0])
  ("i" .
   [1])
  ("systems" .
   [1 0 0 0 0 0 0])
  ("large" .
   [2 0 0 0 0])
  ("interest" .
   [1 0 0 0 0 0 0 0])
  ("Supercomputer" .
   [1 0 0 0 0 0 0 0 0 0 0 0 0])
  ("last" .
   [1 0 0 0])
  ("Engineering" .
   [1 0 0 0 0 0 0 0 0 0 0])
  ("step" .
   [1 0 0 0])
  ("also" .
   [1 0 0 0])
  ("s" .
   [3])
  ("provided" .
   [1 0 0 0 0 0 0 0])
  ("Assistant" .
   [1 0 0 0 0 0 0 0 0])
  ("Research" .
   [1 0 0 0 0 0 0 0])
  ("of" .
   [1 0])
  ("one" .
   [1 0 0])
  ("o" .
   [1])
  ("My" .
   [1 0])
  ("services" .
   [1 0 0 0 0 0 0 0])
  ("International" .
   [2 0 0 0 0 0 0 0 0 0 0 0 0])
  ("Business" .
   [0 0 0 0 0 0 0 1])
  ("have" .
   [2 0 0 0])
  ("m" .
   [3])
  ("p" .
   [1])
  ("position" .
   [2 0 0 0 0 0 0 0])
  ("intern" .
   [1 0 0 0 0 0])
  ("I" .
   [1])
  ("Developer" .
   [1 0 0 0 0 0 0 0 0])
  ("Software" .
   [1 0 0 0 0 0 0 0])
  ("Previous" .
   [1 0 0 0 0 0 0 0])
  ("t" .
   [1])
  ("xold" .
   [1 0 0 0])
  ("double" .
   [4 0 0 0 0 0])
  ("g" .
   [1])
  ("auto-complete-mode" .
   [1 0 0 0 0 0 0 0 0 0 0 0 0 0 0 0 0 0])
  ("mode" .
   [3 0 0 0])
  ("row_check" .
   [1 0 0 0 0 0 0 0 0])
  ("dc" .
   [2 0])
  ("dr" .
   [2 0])
  ("new" .
   [6 0 0])
  ("sum" .
   [3 0 0])
  ("get" .
   [1 0 0])
  ("mazer" .
   [3 0 0 0 0])
  ("new_pos" .
   [11 0 0 0 0 0 0])
  ("ori_pos" .
   [5 0 0 1 0 0 0])
  ("is_wall" .
   [1 0 0 0 0 0 0])
  ("null" .
   [1 0 0 0])
  ("new_value" .
   [2 0 0 0 0 0 0 0 0])
  ("correspond" .
   [0 0 0 1 0 0 0 0 0 0])
  ("or" .
   [5 0])
  ("course_pos" .
   [1 0 0 0 1 0 0 0 0 0])
  ("course_grain_pos" .
   [1 0 0 0 0 0 0 1 1 0 0 0 0 0 0 0])
  ("truc_fine_col" .
   [0 0 0 0 1 0 0 0 0 0 0 0 0])
  ("truc_fine_row" .
   [1 0 0 0 0 0 0 0 0 0 0 0 0])
  ("course_col" .
   [2 0 0 0 0 0 0 0 0 0])
  ("course_row" .
   [2 0 0 0 0 0 0 0 0 0])
  ("not" .
   [3 0 0])
  ("predict_nn" .
   [1 0 0 0 0 0 0 0 0 0])
  ("valueA" .
   [1 0 0 0 0 0])
  ("value" .
   [3 0 0 0 0])
  ("weight_pos" .
   [3 0 0 0 0 0 0 0 0 0])
  ("col" .
   [6 0 0])
  ("row" .
   [6 0 0])
  ("math" .
   [3 0 0 0])
  ("weights" .
   [2 0 0 0 0 0 0])
  ("distance" .
   [6 0 0 0 0 0 0 0])
  ("break" .
   [1 0 0 0 0])
  ("prev_pos" .
   [2 0 0 0 0 0 0 0])
  ("euclidean_dist" .
   [0 0 3 0 0 0 0 0 0 0 0 0 0 0])
  ("add" .
   [1 0 0])
  ("closest_positions" .
   [0 0 0 2 7 0 0 0 0 0 0 0 0 0 0 0 0])
  ("pow" .
   [2 0 0])
  ("maze" .
   [2 0 0 0])
  ("get_environment" .
   [0 0 0 0 0 0 1 0 1 0 0 0 0 0 0])
  ("course_position" .
   [1 0 0 0 0 0 0 0 0 0 0 0 0 0 0])
  ("get_coarse_adj" .
   [0 0 0 0 0 0 0 0 1 0 0 0 0 0])
  ("l_pos" .
   [1 0 0 0 0])
  ("bl_pos" .
   [1 0 0 0 0 0])
  ("b_pos" .
   [1 0 0 0 0])
  ("br_pos" .
   [1 0 0 0 0 0])
  ("r_pos" .
   [1 0 0 0 0])
  ("tr_pos" .
   [1 0 0 0 0 0])
  ("t_pos" .
   [1 0 0 0 0])
  ("tl_pos" .
   [1 0 0 0 0 0])
  ("cur_pos" .
   [4 0 0 2 0 0 0])
  ("pos_y" .
   [1 0 0 0 0])
  ("pos_x" .
   [1 0 0 0 0])
  ("fine_grain_pos" .
   [0 0 0 0 0 0 1 0 0 0 1 0 0 0])
  ("def" .
   [4 0 0])
  ("int" .
   [9 0 0])
  ("orgpos" .
   [1 0 0 0 0 0])
  ("pos" .
   [40 0 0])
  ("mod" .
   [1 0 0])
  ("tuple" .
   [8 0 0 0 0])
  ("aMin" .
   [1 0 0 0])
  ("aMax" .
   [1 0 0 0])
  ("print" .
   [10 0 0 0 0])
  ("list" .
   [4 0 0 0])
  ("world" .
   [2 0 0 0 0])
  ("weak_contains" .
   [1 0 0 0 0 0 0 0 0 0 0 0 0])
  ("True" .
   [1 0 0 0])
  ("previous_found" .
   [2 0 0 0 0 0 0 0 0 0 0 0 0 0])
  ("False" .
   [1 0 0 0 0])
  ("goal" .
   [8 0 0 0])
  ("str" .
   [15 0 0])
  ("None" .
   [2 0 0 0])
  ("format" .
   [5 0 0 0 0 0])
  ("display_text" .
   [4 0 0 0 0 0 0 0 0 0 1 0])
  ("viewer" .
   [5 0 0 0 0 0])
  ("Lookup a String..." .
   [0 0 1 0 0 0 0 0 0 0 0 0 0 0 0 0 0 0])
  ("increased." .
   [1 0 0 0 0 0 0 0 0 0])
  ("depth" .
   [1 0 0 0 0])
  ("and" .
   [8 0 0])
  ("is" .
   [1 0])
  ("current" .
   [1 0 0 0 0 0 0])
  ("when" .
   [2 0 0 0])
  ("stop" .
   [1 0 0 0])
  ("c" .
   [1])
  ("search" .
   [1 0 0 0 0 0])
  ("d" .
   [1])
  ("a" .
   [2])
  ("do" .
   [1 0])
  ("the" .
   [6 0 0])
  ("Partner" .
   [1 0 0 0 0 0 0])
  ("10" .
   [6 0])
  ("export" .
   [2 0 0 0 0 0])
  ("require" .
   [1 0 0 0 0 0 0])
  ("constraints" .
   [1 0 0 0 0 0 0 0 0 0 0])
  ("init_info" .
   [1 0 0 0 0 0 0 0 0])
  ("actions" .
   [1 0 0 0 0 0 0])
  ("act" .
   [1 0 0])
  ("self" .
   [35 0 0 0])
  ("time" .
   [2 0 0 0])
  ("for" .
   [10 0 0])
  ("while" .
   [1 0 0 0 0])
  ("depth_limit" .
   [6 0 0 0 0 0 0 0 0 0 0])
  ("if" .
   [33 0])
  ("backpointers" .
   [0 0 0 0 0 2 0 0 0 0 0 0])
  ("adjlist" .
   [5 0 0 0 0 0 0])
  ("reset" .
   [1 0 0 0 0])
  ("elif" .
   [1 0 1 0])
  ("else" .
   [8 0 0 0])
  ("manhattan_heuristic" .
   [1 0 0 0 0 0 0 0 0 0 0 0 0 0 0 0 0 0 0])
  ("return" .
   [9 0 0 0 0 0])
  ("start" .
   [2 0 0 0 0])
  ("starting_point" .
   [1 0 0 0 0 1 0 0 0 0 0 0 0 0])
  ("observation" .
   [0 0 17 5 0 6 0 0 0 0 3])
  ("observations" .
   [27 0 0 0 0 0 0 0 0 0 0 0])
  ("counter" .
   [6 0 0 0 0 0 0])
  ("previous_states" .
   [6 0 0 0 0 0 0 0 0 0 1 0 0 1 0])
  ("append" .
   [3 0 0 0 0 0])
  ("temp_state" .
   [5 0 0 0 0 0 0 0 0 0])
  ("action" .
   [16 0 0 0 0 0])
  ("state" .
   [5 0 0 0 0])
  ("previous" .
   [1 0 0 0 0 0 0 0])
  ("in" .
   [5 0])
  ("continue" .
   [4 0 0 2 0 0 0 0])
  ("goals" .
   [5 0 0 0 0])
  ("plan" .
   [1 0 0 0])
  ("remove" .
   [2 0 0 0 0 0])
  ("pop" .
   [1 0 0])
  ("clob_len" .
   [1 0 0 0 0 0 0 0])
  ("len" .
   [3 0 0])
  ("set" .
   [2 0 0])
  ("load-file" .
   [1 0 0 0 0 0 0 0 0])
  ("dim" .
   [5 0 0])
  ("exit" .
   [1 0 0 0])
  ("endl" .
   [8 0 0 0])
  ("vector" .
   [1 0 0 0 0 0])
  ("const" .
   [2 0 0 0 0])
  ("cout" .
   [5 0 0 0])
  ("printf" .
   [3 0 0 0 0 0])
  ("perf_file" .
   [4 0 0 0 0 0 0 0 0])
  ("PERF_FILENAME" .
   [2 0 0 0 0 0 0 0 0 0 0 0 0])
  ("arg" .
   [6 0 0])))
